757
843
918
1020
1200
1262
1330
1392
1435
1546
1703
1705
1706
1709
1776
1904
1918
1938
1941
1947
1953
1955
1958
1960
1962
1966
1970
1972
1975
1979
1981
1982
1984
1985
1986
1987
1988
1990
1991
1992
1993
1995
2012
2020
2021
2046
2048
2051
2053
2058
2060
2063
2067
2069
2071
2073
2079
2094
2096
2123
2157
2171
2208
2214
2233
2238
2246
2262
2270
2277
2281
2336
2340
2347
2354
2355
2377
2378
2381
2382
2383
2386
2387
2390
2396
2414
2471
2493
2521
2523
2525
2526
2527
2528
2530
2531
2532
2533
2536
2538
2541
2543
2545
2546
2548
2550
2551
2553
2558
2573
2621
2694
2940
2946
2948
2949
2957
2961
2965
2966
2981
2985
2986
2992
2999
3001
3007
3010
3012
3016
3020
3022
3025
3026
3027
3028
3044
3048
3053
3081
3176
3242
3293
3817
3850
4023
